labetalol_Emax_model = [-19.2 163.6;
                        -12.4 58.1;
                        -36.3 61.2;
                        -59.8 179.7;
                        -36.2 148.2;
                        -30.8 69.4;
                        -34.1 95.1];